event-id;time
1; 50
2; 53
3; 54
4; 55
5; 56
6; 2
7; 5
8; 8
9; 9
10; 10
11; 11
12; 17
13; 20
14; 23
15; 24
16; 25
17; 26
18; 32
19; 35
20; 38
21; 39
22; 40
23; 41
24; 47
25; 0
26; 6
27; 7
28; 8
29; 9
30; 12
31; 15
32; 21
33; 22
34; 23
35; 24
36; 27
37; 30
38; 36
39; 37
40; 38
41; 39
42; 42
43; 45
44; 51
45; 52
46; 53
47; 54
48; 57
49; 0
50; 2
51; 20
52; 22
53; 40
54; 42
55; 0
56; 2
57; 20
58; 22
59; 40
60; 42
61; 6
62; 7
63; 8
64; 10
65; 26
66; 27
67; 28
68; 30
69; 46
70; 47
71; 48
72; 50
73; 22
74; 24
75; 25
76; 26
77; 42
78; 44
79; 45
80; 46
81; 2
82; 4
83; 5
84; 6
85; 0
86; 3
87; 4
88; 6
89; 7
90; 8
91; 0
92; 1
93; 2
94; 4
95; 5
96; 8
97; 46
98; 51
99; 52
100; 56
101; 57
102; 0
103; 1
104; 3
105; 4
106; 8
107; 6
108; 11
109; 12
110; 16
111; 17
112; 20
113; 21
114; 23
115; 24
116; 28
117; 26
118; 31
119; 32
120; 36
121; 37
122; 40
123; 41
124; 43
125; 44
126; 48
127; 34
128; 38
129; 39
130; 41
131; 42
132; 45
133; 46
134; 50
135; 51
136; 56
137; 54
138; 58
139; 59
140; 1
141; 2
142; 5
143; 6
144; 10
145; 11
146; 16
147; 14
148; 18
149; 19
150; 21
151; 22
152; 25
153; 26
154; 30
155; 31
156; 36
