;event_id;time
0;1;44.0
1;2;47.0
2;3;48.0
3;4;49.0
4;5;50.0
5;6;56.0
6;7;59.0
7;8;2.0
8;9;3.0
9;10;4.0
10;11;5.0
11;12;11.0
12;13;14.0
13;14;17.0
14;15;18.0
15;16;19.0
16;17;20.0
17;18;26.0
18;19;29.0
19;20;32.0
20;21;33.0
21;22;34.0
22;23;35.0
23;24;41.0
24;25;54.0
25;26;-0.0
26;27;1.0
27;28;2.0
28;29;3.0
29;30;6.0
30;31;9.0
31;32;15.0
32;33;16.0
33;34;17.0
34;35;18.0
35;36;21.0
36;37;24.0
37;38;30.0
38;39;31.0
39;40;32.0
40;41;33.0
41;42;36.0
42;43;39.0
43;44;45.0
44;45;46.0
45;46;47.0
46;47;48.0
47;48;51.0
48;49;40.0
49;50;42.0
50;51;-0.0
51;52;2.0
52;53;20.0
53;54;22.0
54;55;40.0
55;56;42.0
56;57;-0.0
57;58;2.0
58;59;20.0
59;60;22.0
60;61;-0.0
61;62;1.0
62;63;2.0
63;64;4.0
64;65;20.0
65;66;21.0
66;67;22.0
67;68;24.0
68;69;40.0
69;70;41.0
70;71;42.0
71;72;44.0
72;73;16.0
73;74;18.0
74;75;19.0
75;76;20.0
76;77;36.0
77;78;38.0
78;79;39.0
79;80;40.0
80;81;56.0
81;82;58.0
82;83;59.0
83;84;0.0
84;85;53.0
85;86;56.0
86;87;57.0
87;88;59.0
88;89;0.0
89;90;1.0
90;91;59.0
91;92;0.0
92;93;1.0
93;94;3.0
94;95;4.0
95;96;7.0
96;97;40.0
97;98;45.0
98;99;46.0
99;100;50.0
100;101;51.0
101;102;54.0
102;103;55.0
103;104;57.0
104;105;58.0
105;106;2.0
106;107;-0.0
107;108;5.0
108;109;6.0
109;110;10.0
110;111;11.0
111;112;14.0
112;113;15.0
113;114;17.0
114;115;18.0
115;116;22.0
116;117;20.0
117;118;25.0
118;119;26.0
119;120;30.0
120;121;31.0
121;122;34.0
122;123;35.0
123;124;37.0
124;125;38.0
125;126;42.0
126;127;28.0
127;128;32.0
128;129;33.0
129;130;35.0
130;131;36.0
131;132;39.0
132;133;40.0
133;134;44.0
134;135;45.0
135;136;50.0
136;137;48.0
137;138;52.0
138;139;53.0
139;140;55.0
140;141;56.0
141;142;59.0
142;143;-0.0
143;144;4.0
144;145;5.0
145;146;10.0
146;147;8.0
147;148;12.0
148;149;13.0
149;150;15.0
150;151;16.0
151;152;19.0
152;153;20.0
153;154;24.0
154;155;25.0
155;156;30.0
