;event_id;time
0;1;15.0
1;2;20.0
2;3;21.0
3;4;25.0
4;5;26.0
5;6;29.0
6;7;30.0
7;8;32.0
8;9;33.0
9;10;37.0
10;11;35.0
11;12;40.0
12;13;41.0
13;14;45.0
14;15;46.0
15;16;49.0
16;17;50.0
17;18;52.0
18;19;53.0
19;20;57.0
20;21;55.0
21;22;0.0
22;23;1.0
23;24;5.0
24;25;6.0
25;26;9.0
26;27;10.0
27;28;12.0
28;29;13.0
29;30;17.0
30;31;53.0
31;32;57.0
32;33;58.0
33;34;0.0
34;35;1.0
35;36;4.0
36;37;5.0
37;38;9.0
38;39;10.0
39;40;15.0
40;41;13.0
41;42;17.0
42;43;18.0
43;44;20.0
44;45;21.0
45;46;24.0
46;47;25.0
47;48;29.0
48;49;30.0
49;50;35.0
50;51;33.0
51;52;37.0
52;53;38.0
53;54;40.0
54;55;41.0
55;56;44.0
56;57;45.0
57;58;49.0
58;59;50.0
59;60;55.0
60;61;59.0
61;62;2.0
62;63;3.0
63;64;4.0
64;65;5.0
65;66;11.0
66;67;19.0
67;68;22.0
68;69;23.0
69;70;24.0
70;71;25.0
71;72;31.0
72;73;39.0
73;74;42.0
74;75;43.0
75;76;44.0
76;77;45.0
77;78;51.0
78;79;11.0
79;80;17.0
80;81;18.0
81;82;19.0
82;83;20.0
83;84;23.0
84;85;31.0
85;86;37.0
86;87;38.0
87;88;39.0
88;89;40.0
89;90;43.0
90;91;51.0
91;92;57.0
92;93;58.0
93;94;59.0
94;95;0.0
95;96;3.0
96;97;36.0
97;98;39.0
98;99;40.0
99;100;42.0
100;101;43.0
101;102;44.0
102;103;26.0
103;104;27.0
104;105;28.0
105;106;30.0
106;107;31.0
107;108;34.0
108;109;29.0
109;110;30.0
110;111;31.0
111;112;33.0
112;113;44.0
113;114;45.0
114;115;46.0
115;116;48.0
116;117;59.0
117;118;0.0
118;119;1.0
119;120;3.0
120;121;14.0
121;122;15.0
122;123;16.0
123;124;18.0
124;125;28.0
125;126;30.0
126;127;31.0
127;128;32.0
128;129;43.0
129;130;45.0
130;131;46.0
131;132;47.0
132;133;58.0
133;134;0.0
134;135;1.0
135;136;2.0
136;137;13.0
137;138;15.0
138;139;16.0
139;140;17.0
140;141;7.0
141;142;10.0
142;143;11.0
143;144;15.0
144;145;18.0
145;146;22.0
146;147;23.0
147;148;26.0
148;149;29.0
149;150;31.0
150;151;59.0
151;152;1.0
152;153;29.0
153;154;31.0
154;155;59.0
155;156;1.0
