;event_id;time
0;1;7.0
1;2;17.0
2;3;18.0
3;4;23.0
4;5;24.0
5;6;32.0
6;7;33.0
7;8;35.0
8;9;36.0
9;10;40.0
10;11;37.0
11;12;47.0
12;13;48.0
13;14;53.0
14;15;54.0
15;16;2.0
16;17;3.0
17;18;5.0
18;19;6.0
19;20;10.0
20;21;47.0
21;22;51.0
22;23;52.0
23;24;54.0
24;25;55.0
25;26;3.0
26;27;4.0
27;28;9.0
28;29;10.0
29;30;20.0
30;31;17.0
31;32;21.0
32;33;22.0
33;34;24.0
34;35;25.0
35;36;33.0
36;37;34.0
37;38;39.0
38;39;40.0
39;40;50.0
40;41;20.0
41;42;28.0
42;43;29.0
43;44;36.0
44;45;37.0
45;46;39.0
46;47;40.0
47;48;43.0
48;49;44.0
49;50;46.0
50;51;37.0
51;52;39.0
52;53;40.0
53;54;43.0
54;55;44.0
55;56;46.0
56;57;47.0
57;58;54.0
58;59;55.0
59;60;3.0
60;61;23.0
61;62;33.0
62;63;34.0
63;64;42.0
64;65;43.0
65;66;45.0
66;67;46.0
67;68;49.0
68;69;50.0
69;70;52.0
70;71;13.0
71;72;15.0
72;73;16.0
73;74;19.0
74;75;20.0
75;76;22.0
76;77;23.0
77;78;31.0
78;79;32.0
79;80;42.0
80;81;15.0
81;82;25.0
82;83;26.0
83;84;33.0
84;85;34.0
85;86;36.0
86;87;37.0
87;88;40.0
88;89;41.0
89;90;43.0
90;91;37.0
91;92;39.0
92;93;40.0
93;94;43.0
94;95;44.0
95;96;46.0
96;97;47.0
97;98;54.0
98;99;55.0
99;100;5.0
100;101;7.0
101;102;15.0
102;103;16.0
103;104;19.0
104;105;20.0
105;106;23.0
106;107;24.0
107;108;26.0
108;109;27.0
109;110;35.0
110;111;22.0
111;112;30.0
112;113;31.0
113;114;33.0
114;115;34.0
115;116;37.0
116;117;38.0
117;118;41.0
118;119;42.0
119;120;50.0
120;121;32.0
121;122;34.0
122;123;35.0
123;124;43.0
124;125;44.0
125;126;49.0
126;127;50.0
127;128;55.0
128;129;56.0
129;130;58.0
130;131;29.0
131;132;31.0
132;133;32.0
133;134;37.0
134;135;38.0
135;136;43.0
136;137;44.0
137;138;52.0
138;139;53.0
139;140;55.0
140;141;43.0
141;142;51.0
142;143;52.0
143;144;54.0
144;145;55.0
145;146;59.0
146;147;0.0
147;148;3.0
148;149;4.0
149;150;12.0
150;151;52.0
151;152;0.0
152;153;1.0
153;154;4.0
154;155;5.0
155;156;9.0
156;157;10.0
157;158;12.0
158;159;13.0
159;160;21.0
160;161;36.0
161;162;44.0
162;163;45.0
163;164;47.0
164;165;48.0
165;166;51.0
166;167;52.0
167;168;54.0
168;169;55.0
169;170;3.0
170;171;25.0
171;172;33.0
172;173;34.0
173;174;36.0
174;175;37.0
175;176;40.0
176;177;41.0
177;178;43.0
178;179;44.0
179;180;52.0
180;181;2.0
181;182;12.0
182;183;13.0
183;184;17.0
184;185;18.0
185;186;24.0
186;187;25.0
187;188;27.0
188;189;28.0
189;190;31.0
190;191;56.0
191;192;59.0
192;193;-0.0
193;194;2.0
194;195;3.0
195;196;9.0
196;197;10.0
197;198;14.0
198;199;15.0
199;200;25.0
