event-id;time
1; 20
2; 30
3; 31
4; 36
5; 37
6; 45
7; 46
8; 48
9; 49
10; 53
11; 50
12; 0
13; 1
14; 6
15; 7
16; 15
17; 16
18; 18
19; 19
20; 23
21; 0
22; 4
23; 5
24; 7
25; 8
26; 16
27; 17
28; 22
29; 23
30; 33
31; 30
32; 34
33; 35
34; 37
35; 38
36; 46
37; 47
38; 52
39; 53
40; 3
41; 43
42; 51
43; 52
44; 59
45; 0
46; 2
47; 3
48; 6
49; 7
50; 9
51; 50
52; 52
53; 53
54; 56
55; 57
56; 59
57; 0
58; 7
59; 8
60; 16
61; 46
62; 56
63; 57
64; 5
65; 6
66; 8
67; 9
68; 12
69; 13
70; 15
71; 26
72; 28
73; 29
74; 32
75; 33
76; 35
77; 36
78; 44
79; 45
80; 55
81; 28
82; 38
83; 39
84; 46
85; 47
86; 49
87; 50
88; 53
89; 54
90; 56
91; 50
92; 52
93; 53
94; 56
95; 57
96; 59
97; 0
98; 7
99; 8
100; 18
101; 20
102; 28
103; 29
104; 32
105; 33
106; 36
107; 37
108; 39
109; 40
110; 48
111; 35
112; 43
113; 44
114; 46
115; 47
116; 50
117; 51
118; 54
119; 55
120; 3
121; 45
122; 47
123; 48
124; 56
125; 57
126; 2
127; 3
128; 8
129; 9
130; 11
131; 42
132; 44
133; 45
134; 50
135; 51
136; 56
137; 57
138; 5
139; 6
140; 8
141; 0
142; 8
143; 9
144; 11
145; 12
146; 16
147; 17
148; 20
149; 21
150; 29
151; 5
152; 13
153; 14
154; 17
155; 18
156; 22
157; 23
158; 25
159; 26
160; 34
161; 57
162; 5
163; 6
164; 8
165; 9
166; 12
167; 13
168; 15
169; 16
170; 24
171; 38
172; 46
173; 47
174; 49
175; 50
176; 53
177; 54
178; 56
179; 57
180; 5
181; 15
182; 25
183; 26
184; 30
185; 31
186; 37
187; 38
188; 40
189; 41
190; 44
191; 9
192; 12
193; 13
194; 15
195; 16
196; 22
197; 23
198; 27
199; 28
200; 38
